"C:\Program Files\AdoptOpenJDK\jdk-15.0.2.7-hotspot\bin\java.exe" "-javaagent:C:\Program Files\JetBrains\IntelliJ IDEA Community Edition 2023.2.5\lib\idea_rt.jar=56995:C:\Program Files\JetBrains\IntelliJ IDEA Community Edition 2023.2.5\bin" -Dfile.encoding=UTF-8 -classpath D:\NAM4\layer\ChuyenDeNguyenCuu\out\production\ChuyenDeNguyenCuu algorithms.TUFP.GUI.MainTest_TUFP_Chess
Reading file chess_prob.txt. . .
TUFP Algorithm is running...
In Top-k UFP:
			58: 1594.77
			40: 1593.52
			29: 1585.29
			60: 1581.34
			52: 1578.7
			7: 1552.7
			36: 1526.72
			66: 1521.76
			34: 1521.63
			62: 1518.04
			48: 1509.19
			56: 1504.04
			5: 1489.48
			9: 1437.53
			25: 1431.19
			3: 1419.26
			42: 1356.86
			64: 1314.39
			44: 1298.97
			46: 1277.58
			17: 1275.95
			31: 1261.52
			74: 1192.24
			72: 1181.74
			21: 1132.42
			54: 1117.51
			27: 1105.13
			38: 1096.72
			11: 1083.22
			15: 1023.41
			70: 1012.27
			50: 978.03
			19: 968.73
			68: 965.45
			23: 917.18
			13: 846.98
			1: 833.52
			[58, 52]: 797.5
			[40, 60]: 792.61
			[58, 60]: 791.7
			[58, 40]: 791.65
			[29, 60]: 791.33
			[40, 29]: 790.9
			[40, 52]: 790.12
			[29, 52]: 786.58
			[58, 29]: 785.69
			[58, 7]: 784.29
			[60, 52]: 781.49
			[40, 34]: 771.46
			[29, 7]: 770.21
			[52, 7]: 768.97
			[40, 36]: 768.03
			[40, 62]: 766.94
			[40, 7]: 766.89
			[60, 7]: 766.65
			[58, 36]: 763.45
			[29, 36]: 761.22
			[58, 66]: 761.2
			[52, 66]: 761.13
			[52, 36]: 760.59
			[40, 66]: 759.43
			[58, 34]: 759.29
			[29, 66]: 758.6
			[29, 48]: 758.0600000000001
			[60, 66]: 757.4
			[60, 36]: 756.51
			[58, 62]: 753.28
			[60, 62]: 753.09
			[29, 34]: 752.78
			[58, 48]: 752.36
			[52, 34]: 750.33
			[60, 34]: 750.08
			[7, 36]: 749.43
			[40, 48]: 749.15
			[58, 56]: 747.95
			[58, 5]: 747.9
			[52, 62]: 747.75
			[29, 62]: 747.11
			[29, 56]: 746.44
			[52, 48]: 746.23
			[36, 48]: 744.84
			[40, 56]: 744.29
			[29, 5]: 744.29
			[7, 34]: 743.69
			[60, 48]: 742.58
			[52, 56]: 741.54
			[60, 5]: 740.94
			[60, 56]: 739.82
			[40, 5]: 739.34
			2: 738.9
			[7, 56]: 735.7
			14: 734.7
			[7, 66]: 733.91
			[7, 48]: 733.55
			[34, 5]: 731.72
			[52, 5]: 730.87
			[7, 62]: 728.37
			[66, 48]: 727.83
			[34, 62]: 726.41
			[36, 34]: 725.82
			[34, 48]: 725.42
			[66, 34]: 724.43
			[36, 66]: 722.37
			[36, 62]: 720.92
			[58, 25]: 720.38
			[34, 56]: 720.02
			[62, 56]: 719.87
			[40, 9]: 718.35
			[66, 62]: 718.04
			[7, 5]: 716.41
			[52, 9]: 715.41
			[29, 25]: 715.11
			[62, 48]: 714.34
			[40, 25]: 714.26
			[29, 9]: 713.72
			[36, 5]: 713.35
			[36, 56]: 712.05
			[66, 56]: 711.92
			[66, 5]: 711.8100000000001
			[58, 9]: 710.9
			[60, 25]: 710.53
			[29, 3]: 709.17
			[62, 5]: 707.75
			[58, 3]: 707.07
			[60, 9]: 706.13
			[52, 25]: 706.13
			[48, 56]: 705.69
			[56, 5]: 705.34
			[52, 3]: 703.79
			[60, 3]: 699.12
			[48, 5]: 699.0600000000001
			[7, 3]: 699.05
			[7, 9]: 697.08
			[40, 3]: 696.8100000000001
			[56, 9]: 694.25
			[36, 9]: 691.39
			[36, 25]: 690.82
			[7, 25]: 690.48
			[48, 25]: 689.59
			[34, 9]: 686.86
			[66, 9]: 686.2
			[62, 9]: 685.74
			24: 684.87
			[66, 3]: 683.34
			[58, 42]: 682.26
			[34, 25]: 682.04
			[34, 3]: 682.01
			[5, 9]: 681.75
			[66, 25]: 680.68
			[56, 3]: 680.38
			[40, 42]: 679.36
			[60, 42]: 678.55
			[62, 25]: 677.54
			[52, 42]: 675.69
			[36, 3]: 674.87
			[48, 9]: 674.61
			[56, 25]: 674.23
			[29, 42]: 672.4
			[5, 25]: 671.67
			[62, 3]: 670.86
			[48, 3]: 669.99
			[40, 64]: 662.0
			[5, 3]: 661.02
			[7, 42]: 657.61
			[52, 64]: 657.27
			[58, 64]: 653.98
			[40, 44]: 652.88
			[66, 42]: 652.73
			[34, 42]: 651.37
			[60, 64]: 649.9
			[62, 42]: 649.64
			[48, 42]: 647.62
			[58, 44]: 647.52
			[60, 44]: 647.27
			[29, 44]: 647.2
			[52, 44]: 645.16
			[29, 64]: 644.23
			[36, 42]: 644.18
			[58, 46]: 641.48
			[9, 25]: 641.22
			[9, 3]: 638.3
			[60, 46]: 637.74
			[40, 17]: 637.47
			[58, 17]: 636.8
			[7, 64]: 636.05
			[5, 42]: 635.32
			[52, 46]: 635.24
			[40, 46]: 634.88
			[56, 42]: 634.36
			[34, 64]: 633.77
			[29, 17]: 633.69
			[29, 46]: 632.7
			[58, 31]: 632.63
			[52, 17]: 631.2
			[60, 17]: 630.48
			[7, 44]: 630.41
			[52, 31]: 630.02
			[60, 31]: 628.98
			[29, 31]: 627.79
			[66, 64]: 627.24
			[62, 64]: 627.11
			[40, 31]: 626.87
			[7, 17]: 626.54
			[36, 64]: 626.31
			[56, 64]: 625.08
			[25, 3]: 623.26
			[34, 44]: 620.11
			[66, 31]: 620.07
			20: 619.76
			[62, 44]: 619.61
			[5, 64]: 618.87
			[5, 44]: 618.25
			[48, 64]: 618.11
			[48, 44]: 616.7
			[42, 64]: 614.26
			[36, 46]: 614.07
			[66, 44]: 614.04
			[36, 44]: 613.44
			[25, 42]: 612.21
			[34, 17]: 608.93
			[56, 44]: 608.65
			[7, 46]: 608.07
			[66, 46]: 607.71
			71: 607.61
			[7, 31]: 607.21
			[66, 17]: 605.35
			[36, 17]: 603.93
			51: 603.12
			[56, 17]: 603.12
			[34, 46]: 603.08
			[48, 46]: 602.58
			[48, 17]: 601.59
			[62, 31]: 601.36
			[62, 17]: 600.01
			[9, 42]: 599.8100000000001
			[62, 46]: 599.02
			[34, 31]: 597.97
			[9, 44]: 595.95
			[66, 72]: 595.49
			[3, 64]: 595.24
			[3, 42]: 594.36
			[36, 31]: 594.3100000000001
			[56, 31]: 593.99
			[29, 72]: 593.95
			[48, 31]: 593.75
			[9, 64]: 593.55
			[5, 17]: 593.13
			[56, 46]: 593.08
			69: 592.68
			[58, 74]: 592.57
			[60, 74]: 592.2
			[3, 31]: 591.55
			[40, 74]: 591.37
			[29, 74]: 591.32
			[5, 46]: 590.93
			[40, 72]: 590.62
			16: 590.1
			[25, 64]: 589.84
			[5, 31]: 589.22
			[60, 72]: 588.84
			[52, 74]: 588.15
			[25, 44]: 584.43
			[58, 72]: 583.0600000000001
			[7, 74]: 582.2
			[52, 72]: 581.49
			[9, 17]: 581.49
			[3, 17]: 578.93
			[25, 46]: 578.63
			[56, 74]: 575.12
			[58, 21]: 574.52
			[7, 72]: 574.35
			[62, 72]: 573.1
			[34, 72]: 569.84
			[66, 74]: 568.36
			[42, 31]: 568.03
			[48, 72]: 567.29
			[62, 74]: 567.19
			[9, 46]: 566.67
			[36, 72]: 565.54
			[3, 44]: 565.19
			[48, 74]: 565.01
			[40, 54]: 564.0
			[34, 74]: 562.38
			[29, 21]: 560.7
			[36, 74]: 560.35
			[40, 21]: 558.98
			[60, 21]: 558.88
			[42, 44]: 558.87
			[52, 54]: 557.41
			[29, 27]: 557.08
			[42, 46]: 556.52
			[5, 72]: 556.01
			[58, 54]: 555.97
			[52, 21]: 555.69
			[3, 46]: 555.59
			[56, 72]: 555.36
			[9, 31]: 554.52
			[5, 74]: 554.46
			[40, 27]: 554.33
			[42, 72]: 554.0600000000001
			[25, 17]: 553.52
			[60, 54]: 553.25
			[58, 38]: 552.1
			[7, 21]: 551.69
			[29, 54]: 551.18
			[40, 38]: 551.07
			[3, 72]: 550.91
			[52, 38]: 549.03
			[25, 31]: 548.83
			[34, 21]: 546.2
			[9, 74]: 546.11
			[64, 44]: 545.08
			[64, 31]: 544.94
			[5, 38]: 544.67
			[60, 27]: 544.57
			[64, 46]: 544.16
			[25, 74]: 543.34
			[66, 21]: 542.94
			[60, 38]: 542.76
			[29, 11]: 541.76
			[40, 11]: 540.83
			[36, 21]: 539.45
			[36, 54]: 539.25
			[52, 27]: 538.8
			[7, 54]: 538.42
			[60, 11]: 537.32
			[58, 27]: 537.17
			[7, 38]: 536.77
			[7, 11]: 536.65
			[29, 38]: 536.53
			[36, 27]: 536.49
			[56, 21]: 535.65
			[58, 11]: 535.42
			[56, 54]: 534.27
			[42, 17]: 534.0
			[52, 11]: 532.92
			[34, 54]: 532.15
			12: 531.83
			[48, 27]: 531.63
			[64, 72]: 531.44
			[62, 21]: 531.41
			[5, 21]: 531.36
			[9, 72]: 529.71
			[48, 21]: 528.54
			[5, 54]: 527.6
			[62, 38]: 527.23
			[7, 27]: 526.49
			[44, 46]: 526.36
			[25, 72]: 526.11
			[48, 54]: 526.07
			[62, 54]: 524.7
			[34, 38]: 524.54
			[66, 38]: 524.19
			[56, 27]: 522.6
			[66, 54]: 522.13
			[34, 27]: 520.66
			[58, 15]: 520.35
			[62, 27]: 519.29
			[56, 11]: 518.72
			[66, 27]: 516.83
			[60, 15]: 515.38
			[62, 11]: 514.76
			[36, 38]: 514.39
			[44, 31]: 512.96
			[7, 70]: 511.91
			[36, 11]: 511.15
			[25, 54]: 510.82
			[7, 15]: 510.64
			[9, 21]: 509.68
			[40, 70]: 509.37
			[46, 31]: 509.15
			[64, 17]: 508.74
			[9, 54]: 508.69
			[40, 15]: 508.6
			[29, 15]: 507.96
			[29, 70]: 507.84
			[34, 11]: 507.84
			[56, 38]: 507.53000000000003
			[5, 27]: 507.4
			[25, 21]: 506.25
			[3, 74]: 504.05
			[48, 38]: 503.82
			[58, 70]: 503.42
			[66, 11]: 503.35
			[44, 74]: 502.04
			[60, 70]: 501.89
			[62, 70]: 501.61
			[9, 38]: 501.15
			[9, 27]: 499.64
			[17, 31]: 499.31
			[17, 15]: 498.98
			[52, 15]: 498.93
			[3, 11]: 498.91
			[48, 11]: 498.57
			[3, 21]: 498.09
			[5, 11]: 498.04
			[5, 70]: 497.74
			[34, 70]: 497.72
			[9, 11]: 497.66
			[25, 27]: 496.19
			[74, 54]: 496.0
			[44, 17]: 494.95
			[31, 72]: 494.86
			[40, 50]: 494.54
			[52, 70]: 494.21
			[17, 19]: 493.78000000000003
			[7, 50]: 493.06
			[17, 21]: 493.01
			[3, 27]: 492.93
			[46, 17]: 492.39
			39: 491.29
			28: 490.6
			55: 490.33
			[66, 15]: 488.25
			22: 487.9
			[29, 50]: 487.85
			[48, 15]: 487.21
			[36, 15]: 486.43
			[58, 19]: 485.91
			[52, 19]: 485.4
			[42, 38]: 485.14
			[46, 72]: 484.79
			[56, 70]: 484.78000000000003
			[25, 38]: 484.49
			[34, 15]: 483.59
			[58, 50]: 482.45
			[56, 68]: 482.19
			[60, 50]: 481.96
			[62, 15]: 480.9
			[40, 19]: 480.35
			[36, 70]: 479.6
			[44, 21]: 479.42
			[52, 50]: 479.36
			[3, 38]: 479.17
			[46, 19]: 479.09
			[64, 38]: 478.89
			[66, 70]: 477.93
			[9, 70]: 477.14
			[52, 68]: 476.69
			[7, 19]: 476.41
			[3, 15]: 476.3
			[60, 19]: 476.24
			[34, 68]: 475.7
			[46, 74]: 475.69
			[40, 68]: 474.9
			[58, 68]: 474.39
			[29, 68]: 474.04
			[56, 50]: 473.95
			[44, 72]: 473.8
			[17, 74]: 472.81
			[56, 15]: 472.48
			[44, 38]: 472.43
			[62, 68]: 472.29
			[42, 74]: 472.22
			[44, 54]: 472.12
			[34, 50]: 471.79
			[17, 72]: 471.61
			[62, 50]: 471.34000000000003
			[29, 19]: 470.27
			[3, 70]: 469.3
			[42, 21]: 469.11
			[36, 50]: 468.32
			[58, 23]: 467.92
			[60, 68]: 467.78000000000003
			[17, 11]: 465.41
			[7, 68]: 464.74
			[36, 68]: 463.19
			[66, 50]: 462.67
			[34, 19]: 461.39
			[52, 23]: 460.6
			[40, 23]: 460.59
			[3, 54]: 458.65
			[48, 70]: 458.14
			[64, 74]: 456.66
			[66, 68]: 455.94
			[46, 54]: 455.88
			[56, 19]: 455.86
			[5, 50]: 454.83
			[36, 19]: 454.62
			[9, 15]: 454.02
			[48, 50]: 453.85
			[5, 15]: 453.7
			[25, 11]: 453.23
			[5, 68]: 452.82
			[48, 19]: 452.36
			[3, 23]: 451.68
			[66, 19]: 451.02
			[62, 19]: 449.6
			[38, 70]: 449.6
			[64, 23]: 448.34
			[5, 19]: 447.82
			73: 447.07
			[29, 23]: 446.88
			[3, 50]: 446.83
			[9, 50]: 446.69
			[60, 23]: 446.13
			[31, 21]: 445.68
			[17, 27]: 445.1
			[48, 68]: 444.86
			[7, 23]: 444.55
			[42, 11]: 444.22
			[42, 70]: 443.24
			[31, 23]: 442.6
			[25, 70]: 442.47
			[42, 23]: 441.44
			[17, 54]: 441.1
			[31, 38]: 441.01
			[44, 27]: 440.95
			[34, 23]: 440.29
			[17, 70]: 439.82
			[25, 15]: 439.56
			[3, 19]: 438.44
			[42, 15]: 437.75
			[64, 21]: 437.75
			[36, 23]: 437.43
			[46, 11]: 436.63
			[56, 23]: 435.33
			[9, 68]: 434.79
			[9, 19]: 434.2
			[42, 27]: 433.98
			[25, 68]: 433.71
			[42, 54]: 433.57
			[62, 23]: 432.04
			[46, 27]: 431.67
			[48, 23]: 430.03000000000003
			[46, 38]: 429.31
			[25, 50]: 428.73
			[31, 74]: 427.92
			[5, 23]: 427.86
			[64, 70]: 426.42
			[17, 38]: 426.05
			[44, 11]: 425.29
			[40, 13]: 424.62
			[25, 19]: 423.02
			[64, 54]: 421.54
			[58, 13]: 420.49
			[3, 68]: 420.41
			[11, 15]: 420.3
			[44, 70]: 420.06
			[60, 1]: 419.84
			[66, 1]: 419.74
			[74, 38]: 419.6
			[64, 11]: 418.68
			[31, 15]: 418.33
			[42, 19]: 418.11
			[29, 13]: 418.0
			[74, 21]: 418.0
			[31, 11]: 416.79
			[72, 38]: 416.03000000000003
			[29, 1]: 415.43
			[7, 13]: 414.99
			[44, 68]: 414.94
			[64, 27]: 414.53000000000003
			[58, 1]: 414.37
			[74, 27]: 414.0
			[66, 23]: 413.08
			[52, 13]: 412.8
			[46, 21]: 412.77
			[74, 11]: 412.53000000000003
			[56, 1]: 412.23
			[42, 50]: 411.21
			[52, 1]: 411.09000000000003
			[72, 23]: 410.36
			[64, 50]: 409.41
			[9, 13]: 409.05
			[60, 13]: 408.89
			[40, 1]: 408.62
			[31, 27]: 407.38
			[7, 1]: 406.57
			[9, 23]: 406.07
			[34, 1]: 406.0
			[46, 15]: 404.73
			[31, 70]: 404.71
			[72, 21]: 404.22
			[36, 13]: 403.97
			[42, 68]: 403.86
			[56, 13]: 401.7
			[54, 11]: 401.7
			[21, 27]: 400.08
			[34, 13]: 399.94
			[74, 70]: 398.85
			[44, 50]: 398.68
			[64, 68]: 397.36
			[62, 1]: 397.32
			[27, 11]: 396.89
			[25, 23]: 396.69
			[48, 13]: 395.87
			[48, 1]: 395.5
			[54, 27]: 394.66
			[21, 54]: 393.77
			[64, 19]: 392.87
			[54, 38]: 391.98
			[66, 13]: 391.82
			[46, 68]: 390.44
			[36, 1]: 390.3
			[64, 15]: 389.59
			[62, 13]: 388.21
			[72, 11]: 387.63
			[5, 1]: 387.52
			[74, 72]: 387.1
			[5, 13]: 386.68
			[31, 19]: 385.6
			[31, 50]: 384.39
			[31, 54]: 384.12
			[21, 15]: 384.11
			[74, 68]: 383.85
			[15, 19]: 383.68
			[17, 68]: 383.52
			[72, 27]: 381.35
			75: 381.05
			[21, 11]: 380.9
			[72, 15]: 379.77
			[44, 15]: 378.71
			[44, 19]: 378.55
			[72, 70]: 378.28000000000003
			[21, 38]: 377.94
			[74, 15]: 376.48
			[25, 1]: 376.22
			[17, 50]: 375.86
			[58, 14]: 375.43
			[40, 2]: 374.81
			[17, 1]: 374.77
			[38, 11]: 373.44
			[46, 70]: 371.9
			[46, 50]: 371.3
			[9, 1]: 371.0
			[58, 2]: 370.95
			[11, 70]: 370.95
			[52, 14]: 370.27
			[60, 14]: 369.21
			[44, 23]: 369.03000000000003
			[44, 2]: 368.83
			[17, 23]: 368.82
			[72, 68]: 368.14
			[74, 50]: 367.5
			[54, 68]: 367.05
			[52, 2]: 366.45
			[40, 14]: 366.08
			[3, 1]: 365.81
			[11, 19]: 365.09
			[66, 14]: 364.78000000000003
			[29, 2]: 364.74
			[25, 13]: 364.66
			[21, 68]: 362.84
			[3, 13]: 362.46
			[29, 14]: 362.37
			[7, 2]: 361.8
			[62, 14]: 361.08
			[46, 23]: 360.79
			[21, 1]: 360.68
			[27, 15]: 360.44
			[48, 14]: 360.1
			[72, 19]: 360.03000000000003
			[5, 14]: 358.62
			[7, 14]: 358.03000000000003
			[38, 50]: 357.97
			[42, 13]: 357.77
			[60, 2]: 357.21
			[42, 1]: 357.2
			[34, 14]: 356.86
			[72, 50]: 356.61
			[74, 19]: 356.55
			[36, 14]: 355.39
			[54, 70]: 354.93
			[21, 70]: 354.17
			[62, 2]: 352.98
			[48, 2]: 352.96
			18: 351.46
			[36, 2]: 350.65
			[31, 68]: 350.55
			[54, 50]: 349.55
			[54, 15]: 348.86
			[60, 24]: 346.85
			[25, 14]: 346.66
			[66, 24]: 345.91
			[72, 54]: 345.55
			[74, 24]: 344.61
			[40, 24]: 344.52
			[56, 14]: 344.44
			[38, 68]: 344.39
			[34, 2]: 344.38
			[5, 2]: 343.25
			[54, 19]: 342.93
			[29, 24]: 342.75
			[17, 13]: 342.72
			[64, 13]: 342.05
			[3, 14]: 341.98
			[15, 70]: 341.82
			[70, 50]: 338.41
			[58, 24]: 338.24
			[44, 13]: 337.96
			[54, 24]: 337.12
			[74, 13]: 336.61
			[27, 19]: 335.26
			[21, 50]: 335.18
			[3, 2]: 334.87
			[21, 19]: 334.68
			[9, 2]: 334.33
			[27, 50]: 334.3
			[7, 24]: 334.18
			[25, 2]: 332.86
			[38, 15]: 330.78000000000003
			[66, 2]: 330.67
			[21, 23]: 330.66
			[52, 24]: 330.63
			[62, 24]: 329.42
			[56, 2]: 329.19
			[11, 50]: 327.79
			[36, 24]: 326.07
			[72, 1]: 325.78000000000003
			[11, 68]: 325.6
			[27, 68]: 325.4
			[46, 13]: 324.45
			[48, 24]: 324.11
			[64, 2]: 323.62
			[56, 24]: 323.22
			[5, 24]: 323.18
			[34, 24]: 321.94
			[70, 68]: 321.83
			[46, 1]: 321.59
			[25, 24]: 321.46
			[38, 19]: 321.43
			[31, 13]: 321.3
			[42, 2]: 321.0
			[64, 1]: 320.93
			47: 319.11
			[42, 14]: 316.68
			[15, 50]: 316.39
			[68, 1]: 316.25
			[74, 1]: 314.63
			[29, 20]: 314.5
			[60, 20]: 313.87
			[46, 2]: 312.97
			[15, 23]: 312.65
			[7, 20]: 312.5
			[70, 19]: 311.76
			[40, 20]: 310.98
			[27, 1]: 310.73
			[58, 20]: 310.29
			[38, 23]: 310.27
			[31, 2]: 309.94
			[9, 24]: 309.93
			[64, 14]: 309.92
			[27, 70]: 309.36
			[27, 38]: 309.18
			[31, 1]: 308.42
			[54, 13]: 307.23
			[40, 71]: 305.9
			[29, 51]: 305.71
			[15, 68]: 305.48
			[44, 14]: 305.27
			[36, 71]: 305.18
			[58, 51]: 305.02
			[9, 14]: 304.94
			[62, 20]: 304.24
			[48, 71]: 303.31
			[60, 71]: 302.83
			[52, 51]: 302.42
			[52, 71]: 302.04
			[58, 71]: 302.0
			[48, 51]: 301.45
			[60, 51]: 301.02
			[11, 13]: 300.82
			[34, 20]: 300.28000000000003
			[48, 20]: 300.25
			[46, 14]: 300.24
			[70, 23]: 300.19
			[36, 20]: 299.81
			[58, 69]: 298.99
			[52, 20]: 298.72
			[60, 69]: 298.67
			[5, 20]: 298.16
			[21, 13]: 297.89
			[31, 14]: 297.71
			[66, 20]: 296.89
			[7, 69]: 296.75
			[40, 69]: 296.74
			[72, 14]: 296.74
			[29, 69]: 296.53000000000003
			[40, 16]: 296.41
			[72, 13]: 296.32
			[11, 23]: 296.03
			[29, 71]: 295.94
			[15, 1]: 295.88
			[19, 68]: 295.58
			[5, 16]: 295.25
			[56, 20]: 295.07
			[52, 16]: 295.06
			[58, 16]: 294.94
			[29, 16]: 293.8
			[40, 51]: 292.73
			[15, 13]: 291.87
			[66, 71]: 291.68
			[27, 13]: 291.67
			[54, 1]: 291.53000000000003
			[11, 1]: 290.59
			[17, 14]: 290.08
			[36, 51]: 289.99
			45: 289.35
			[48, 69]: 289.29
			[66, 51]: 289.26
			[44, 24]: 289.16
			[52, 69]: 288.98
			[38, 2]: 288.97
			[38, 13]: 287.82
			[34, 51]: 286.67
			[27, 23]: 286.39
			[62, 51]: 286.27
			65: 285.96
			[50, 68]: 285.28000000000003
			[34, 16]: 285.2
			[66, 69]: 284.83
			[60, 16]: 283.47
			[25, 20]: 283.43
			[62, 16]: 283.41
			[56, 16]: 282.58
			[19, 23]: 282.07
			[50, 19]: 281.9
			[36, 16]: 281.48
			[36, 69]: 281.41
			[56, 51]: 281.1
			[9, 20]: 280.22
			[3, 69]: 280.1
			[44, 16]: 279.81
			[56, 71]: 279.69
			[74, 2]: 279.14
			[7, 51]: 279.09
			[25, 51]: 278.26
			[70, 13]: 278.14
			[25, 71]: 277.51
			[25, 16]: 277.47
			[50, 23]: 276.85
			[66, 16]: 276.8
			[7, 16]: 276.62
			[5, 51]: 276.54
			[64, 16]: 276.29
			[58, 12]: 275.82
			[62, 71]: 275.6
			[46, 24]: 275.45
			[48, 16]: 274.62
			[5, 69]: 274.62
			[7, 71]: 274.52
			[9, 16]: 273.27
			[62, 69]: 273.01
			[31, 69]: 272.52
			[34, 71]: 270.29
			[34, 69]: 269.61
			[17, 24]: 269.37
			[44, 20]: 268.07
			[21, 14]: 268.03000000000003
			[44, 1]: 267.93
			[36, 12]: 267.16
			[25, 69]: 266.52
			[48, 12]: 266.46
			[[40, 29], [40, 60]]: 266.19
			[3, 20]: 266.1
			[40, 12]: 265.84
			[[58, 29], [58, 52]]: 265.82
			[66, 12]: 265.65
			[[58, 52], [58, 7]]: 265.05
			[27, 24]: 264.91
			[[58, 40], [58, 52]]: 264.9
			[46, 71]: 264.71
			[[58, 60], [58, 52]]: 264.55
			[[40, 29], [40, 52]]: 264.18
			[25, 12]: 264.0
			[34, 12]: 263.73
			[60, 12]: 263.6
			[9, 69]: 263.47
			[46, 51]: 263.28000000000003
			[68, 13]: 262.73
			[42, 51]: 262.49
			[38, 14]: 262.49
			[[58, 29], [58, 60]]: 262.43
			[50, 13]: 262.27
			[[58, 40], [58, 60]]: 262.12
			[29, 12]: 262.09
			[[29, 60], [29, 52]]: 261.39
			[68, 23]: 261.15
			[[58, 29], [58, 7]]: 260.77
			[[40, 60], [40, 52]]: 260.61
			[19, 1]: 260.24
			[64, 20]: 259.9
			[5, 12]: 259.71
			[52, 12]: 259.53
			[[40, 29], [40, 36]]: 258.54
			[5, 71]: 258.44
			[3, 51]: 258.39
			[[58, 40], [58, 29]]: 258.35
			[9, 51]: 258.22
			[[58, 60], [58, 7]]: 258.19
			[[58, 52], [58, 66]]: 257.79
			[[40, 29], [40, 34]]: 257.36
			[[40, 52], [40, 36]]: 257.21
			[[40, 60], [40, 34]]: 257.08
			[[58, 40], [58, 7]]: 256.94
			[42, 69]: 256.79
			[[58, 52], [58, 36]]: 256.72
			[54, 2]: 256.27
			[7, 12]: 256.16

=============  TOP-K UFP SPMF v.2.10 - STATS =============
 Transactions count from database : 3196
 Frequent itemsets count (candidate): 29859
 Memory : 8.600593566894531 mb
 Total time : 2938 ms
===================================================

Process finished with exit code 0
